(mclheader
mcltype matrix
dimensions 92x92
)

(mclmatrix
begin

0    46:2.222 $
1    47:2.219 $
2    32:1.083 48:2.223 $
3    49:2.212 $
4    50:2.225 $
5    51:2.188 $
6    52:2.203 $
7    53:2.216 $
8    54:2.212 $
9    55:2.326 $
10    56:2.227 $
11    57:2.210 $
12    58:2.212 $
13    59:2.227 $
14    60:2.231 $
15    30:1.117 61:2.218 $
16    62:2.185 $
17    63:2.197 $
18    64:2.206 $
19    20:2.348 65:2.216 $
20    19:2.348 66:2.217 $
21    67:2.191 $
22    68:2.232 $
23    69:2.214 $
24    70:2.223 $
25    26:2.279 71:2.215 $
26    25:2.279 72:2.213 $
27    73:2.207 $
28    74:2.282 $
29    75:2.224 $
30    15:1.095 76:2.222 $
31    77:2.222 $
32    2:1.118 78:2.222 $
33    79:2.208 $
34    80:2.215 $
35    81:2.214 $
36    82:2.208 $
37    83:2.228 $
38    84:2.213 $
39    85:2.223 $
40    86:2.213 $
41    87:2.214 $
42    88:2.220 $
43    89:2.222 $
44    90:2.214 $
45    91:2.218 $
46    0:2.222 $
47    1:2.219 $
48    2:2.223 78:1.083 $
49    3:2.212 $
50    4:2.225 $
51    5:2.188 $
52    6:2.203 $
53    7:2.216 $
54    8:2.212 $
55    9:2.326 $
56    10:2.227 $
57    11:2.210 $
58    12:2.212 $
59    13:2.227 $
60    14:2.231 $
61    15:2.218 76:1.117 $
62    16:2.185 $
63    17:2.197 $
64    18:2.206 $
65    19:2.216 66:2.348 $
66    20:2.217 65:2.348 $
67    21:2.191 $
68    22:2.232 $
69    23:2.214 $
70    24:2.223 $
71    25:2.215 72:2.279 $
72    26:2.213 71:2.279 $
73    27:2.207 $
74    28:2.282 $
75    29:2.224 $
76    30:2.222 61:1.095 $
77    31:2.222 $
78    32:2.222 48:1.118 $
79    33:2.208 $
80    34:2.215 $
81    35:2.214 $
82    36:2.208 $
83    37:2.228 $
84    38:2.213 $
85    39:2.223 $
86    40:2.213 $
87    41:2.214 $
88    42:2.220 $
89    43:2.222 $
90    44:2.214 $
91    45:2.218 $
)
